layout_spectrum: 0.7769588
typography_spectrum: 0.9352794
color:
  saturation: 0.6065433
  lightness: 0.3077972
  brandStrength: 0.410113
  rhythmicContrast: 0.328905
name: The Legacy Creative
